(0.06399999856948853, 0.06399999856948853)
(0.35649999203160404, 0.21024999530054628)
(0.5299999881535769, 0.31683332625155647)
(0.4434999900870025, 0.348499992210418)
(0.6374999857507646, 0.4062999909184873)
(0.5779999870806932, 0.4349166569455216)
(0.4824999892152846, 0.44171427584120204)
(0.4359999902546406, 0.4409999901428818)
(0.7274999837391078, 0.4728333227646847)
(0.5694999872706831, 0.4824999892152846)
(1.080499975848943, 0.536863624363799)
(1.0569999763742088, 0.5802083203646665)
(0.6769999848678708, 0.5876538330187592)
(0.8414999811910093, 0.6057857007453485)
(1.0059999775141477, 0.6324666525299351)
(1.3224999704398215, 0.6755937348993029)
(1.4879999667406083, 0.7233823367723208)
(1.46399996727705, 0.7645277606892502)
(1.7944999598897993, 0.8187368238050686)
(1.5384999656118452, 0.8547249808954074)
(2.02949995463714, 0.9106666463116804)
(1.8054999596439303, 0.9513408878267827)
(1.6684999627061188, 0.9825217171693624)
(1.6839999623596669, 1.011749977385625)
(1.7844999601133167, 1.0426599766947329)
(1.8154999594204129, 1.0723845914149512)
(1.7804999602027238, 1.0986110865552392)
(2.2014999507926403, 1.137999974563718)
(2.1669999515637755, 1.1734827323913062)
(2.2364999500103293, 1.2089166396452735)
(2.3834999467246236, 1.2468064237446075)
(2.001999955251813, 1.2704062216042076)
(2.2919999487698077, 1.3013636072758923)
(2.6944999397732317, 1.34233820529052)
(3.3549999250099063, 1.399842825853931)
(3.349499925132841, 1.4539999675005673)
(3.0344999321736394, 1.4967161827620017)
(3.043499931972474, 1.5374210182675405)
(3.5334999210201206, 1.5886025285945298)
(2.4344999455846845, 1.6097499640192836)
(3.2044999283738433, 1.6486463046132975)
(3.535499920975417, 1.6935713907171572)
(5.043999887257814, 1.7714883324971724)
(3.466999922506511, 1.8100226868155667)
(5.018999887816608, 1.8813332912822565)
(4.740499894041568, 1.9434890869944152)
(4.318499903474003, 1.9940212320258959)
(5.0064998880960045, 2.0567812040273563)
(4.013999910280108, 2.0967244429304737)
(4.591999897360802, 2.1466299520190804)
(5.021999887749553, 2.2030097546804623)
(5.016499887872487, 2.2571153341649244)
(4.356499902624637, 2.296726363758504)
(3.975999911129475, 2.3278240220431514)
(5.361499880161136, 2.382981764918024)
(6.116499863285571, 2.449651730960302)
(6.238499860558659, 2.5161227507778166)
(6.8244998474605385, 2.5904051145137257)
(6.4979998547583815, 2.6566355338399066)
(6.825499847438186, 2.726116605733211)
(9.19099979456514, 2.832098297353406)
(9.948499777633696, 2.946878966390185)
(9.537999786809086, 3.0514999317936597)
(8.318499814067035, 3.1337968049541813)
(9.140999795682728, 3.226215312503851)
(7.364499835390598, 3.2889165931536506)
(9.713999782875181, 3.384813357179345)
(9.492499787826091, 3.4746322752770915)
(10.203999771922827, 3.5721593404458702)
(11.056499752867968, 3.6790784891947577)
(11.299999747425318, 3.7864154083247654)
(13.325999702140688, 3.9189096346277634)
(13.880499689746648, 4.055369772369119)
(10.111499773990364, 4.137209366985622)
(10.091999774426222, 4.216606572418163)
(13.9934996872209, 4.345249902876094)
(13.768499692250042, 4.46762977027056)
(14.85899966787547, 4.600852461265495)
(15.134499661717564, 4.734189767600331)
(16.74549962570891, 4.8843311408266885)
(17.511999608576296, 5.040228282403844)
(18.831499579083175, 5.208414517729202)
(19.052999574132265, 5.375216747324419)
(20.503999541699887, 5.5553213044003185)
(23.331499478500337, 5.764452812330907)
(21.861499511357398, 5.951627773947494)
(26.044999417848885, 6.182586068704981)
(26.171999415010212, 6.409738493094813)
(27.478999385796488, 6.646471761552135)
(24.192999459244312, 6.841433180415382)
(25.381499432679266, 7.0451701721985005)
(23.510999474488198, 7.224146577658172)
(26.066499417368323, 7.426752522171183)
(27.400999387539922, 7.639244510100639)
(26.072499417234212, 7.833278772280992)
(24.158499460015445, 8.003333154444894)
(24.2134994587861, 8.170448270984494)
(26.544999406673014, 8.357943690736418)
(23.392999477125706, 8.509812941103986)
(23.652499471325427, 8.6612398064062)
(24.56599945090711, 8.906259800929577)
(25.689999425783753, 9.159594795267099)
(25.673499426152556, 9.411029789647088)
(26.272499412763864, 9.669319783873856)
(25.04149944027886, 9.913359778419137)
(28.869999354705215, 10.196279772095382)
(27.59649938317016, 10.46741976603493)
(30.9024993092753, 10.772084759225136)
(26.190499414596708, 11.026714753533714)
(29.2239993467927, 11.313259747128932)
(28.231999368965624, 11.5847747410601)
(26.99999939650297, 11.844204735261389)
(31.804499289114027, 12.15547972830385)
(27.688499381113797, 12.42394972230308)
(31.94999928586185, 12.733389715386556)
(28.191499369870872, 13.002079709380867)
(29.0644993503578, 13.277844703217038)
(28.548999361880124, 13.548694697163068)
(31.124999304302037, 13.84199969060719)
(30.791499311756343, 14.134529684068633)
(29.404499342758207, 14.408279677949844)
(29.263499345909803, 14.682859671812505)
(27.01799939610064, 14.93635466614645)
(29.800999333895742, 15.217524659861812)
(30.112999326922, 15.500809653529897)
(25.641499426867814, 15.73906964820437)
(23.95099946465343, 15.960774643248879)
(27.305499389674516, 16.211814637637698)
(26.632499404717237, 16.45646963216923)
(27.772999379225077, 16.71183462646138)
(27.6284993824549, 16.96428462081868)
(27.513999385014177, 17.219404615116304)
(25.640999426878988, 17.4528946098974)
(29.227999346703292, 17.718229603966698)
(29.17949934778735, 17.97647459819447)
(26.370499410573395, 18.206684593048877)
(25.935999420285224, 18.435699587929992)
(25.801499423291535, 18.663279582843185)
(25.569999428465962, 18.883644577917643)
(24.43499945383519, 19.103649573000148)
(26.22249941388145, 19.333829567855222)
(25.475999430567025, 19.55323456295114)
(26.980499396938832, 19.77259955804795)
(23.24249948048964, 19.970354553627782)
(24.11899946089834, 20.1613545493586)
(26.397499409969896, 20.37792454451788)
(23.41949947653338, 20.568934540248474)
(26.51899940725416, 20.784059535440054)
(22.075999506562948, 20.964679531402886)
(21.42799952104688, 21.133039527639745)
(23.075999484211206, 21.31357952360436)
(22.044999507255852, 21.483864519798193)
(22.180499504227193, 21.662104515814217)
(24.478999452851713, 21.86713451123145)
(23.743499469291418, 22.050954507122746)
(20.98999953083694, 22.199689503798258)
(22.142999505065383, 22.358734500243326)
(21.82049951227382, 22.508694496891458)
(20.468499542493372, 22.648399493768807)
(23.780999468453228, 22.817954489978955)
(21.86199951134622, 22.944664487146767)
(22.741499491687865, 23.072594484287315)
(20.594999539665878, 23.183164481815883)
(20.90999953262508, 23.309079479001465)
(22.365999500080942, 23.441329476045443)
(24.46449945317581, 23.612329472223294)
(18.224999592639506, 23.69743947032094)
(19.940499554295094, 23.801919467985627)
(19.830999556742608, 23.898189465833823)
(21.63049951652065, 24.00392946347035)
(19.96299955379218, 24.090559461534017)
(20.5684995402582, 24.162984459915187)
(21.766499513480813, 24.241844458152535)
(20.46099954266101, 24.345339455839238)
(17.813999601826072, 24.422559454113244)
(19.262499569449574, 24.475249452935532)
(20.663499538134783, 24.54419945139438)
(20.19049954870716, 24.597514450202695)
(22.139999505132437, 24.667569448636847)
(21.39049952188507, 24.714019447598602)
(21.138499527517705, 24.75028444678802)
(19.76299955826253, 24.759599446579813)
(18.58999958448112, 24.754969446683297)
(18.5729995848611, 24.735659447114912)
(19.321999568119644, 24.69556444801111)
(14.57699967417866, 24.62271944963932)
(15.829499646183104, 24.520564451922663)
(18.99199957549572, 24.44876445352752)
(16.631499628257007, 24.340289455952128)
(16.31599963530898, 24.26151945771277)
(14.239999681711197, 24.15010446020309)
(16.238999637030066, 24.077384461828505)
(16.71049962649122, 23.98382446391973)
(14.289499680604786, 23.852709466850385)
(14.158999683521689, 23.73357446951326)
(13.107999707013368, 23.62306947198324)
(13.482999698631465, 23.51576447438169)
(13.301499702688307, 23.383329477341846)
(11.040999753214418, 23.25980948010273)
(11.646999739669264, 23.139754482786174)
(11.29299974758178, 23.00702448575292)
(13.18099970538169, 22.881934488548897)
(13.07649970771745, 22.755964491364544)
(11.145499750878662, 22.60469449474569)
(13.02949970876798, 22.484574497430586)
(14.236499681789429, 22.33823950070143)
(14.104499684739858, 22.203319503717125)
(13.144999706186354, 22.02574450768624)
(12.904499711561948, 21.89288451065589)
(10.724499760288746, 21.70788951479085)
(11.06899975258857, 21.53625951862708)
(12.717999715730548, 21.393439521819356)
(13.332999701984226, 21.208724525948057)
(12.812499713618308, 21.059964529273103)
(13.961999687924981, 20.88008453329373)
(11.80399973616004, 20.716209536956622)
(11.785499736573547, 20.543419540818782)
(11.038499753270298, 20.368314544732684)
(10.826499758008868, 20.16532954926975)
(10.332499769050628, 19.960739553842693)
(10.752499759662896, 19.77421955801174)
(9.892999778874218, 19.580514562341385)
(9.383999790251256, 19.40417456628289)
(8.811999803036452, 19.194284570974297)
(8.294999814592302, 18.976104575851004)
(8.774999803863466, 18.807439579620958)
(9.135499795805663, 18.65928458293248)
(8.182999817095697, 18.46805958720669)
(7.304999836720526, 18.27478459152672)
(7.404499834496528, 18.07109959607944)
(8.51999980956316, 17.88001460035052)
(8.736999804712832, 17.69224460454751)
(7.677499828394502, 17.512609608562666)
(7.242999838106334, 17.292759613476697)
(6.678999850712716, 17.067754618505948)
(8.707499805372208, 16.891124622453937)
(9.058499797526746, 16.72234962622635)
(9.479499788116664, 16.559129629874604)
(11.33549974663183, 16.41678463305626)
(10.08199977464974, 16.273254636264408)
(9.418999789468945, 16.105219640020284)
(7.970999821834266, 15.930169643932954)
(8.759499804209918, 15.747959648005667)
(9.939999777823687, 15.614934650979007)
(8.586999808065594, 15.459614654450682)
(9.074999797157943, 15.286389658322559)
(8.959999799728394, 15.141794661554508)
(6.65399985127151, 14.943144665994685)
(7.771999826282263, 14.800104669191876)
(7.097999841347336, 14.65680467239488)
(7.008999843336642, 14.496134675986132)
(7.442499833647162, 14.350109679250046)
(7.05599984228611, 14.198864682630635)
(5.978499866370112, 14.013859686765823)
(7.0054998434148725, 13.846479690507053)
(7.367499835323542, 13.710254693551923)
(7.415999834239483, 13.562984696843662)
(6.477999855205416, 13.409559700272977)
(7.332499836105853, 13.2781997032091)
(7.270499837491661, 13.113094706899485)
(6.905999845638871, 12.963534710242412)
(6.576999852992595, 12.80188971385546)
(8.575999808311462, 12.681699716541916)
(8.967499799560755, 12.562274719211272)
(7.997499821241945, 12.418589722422883)
(8.761499804165215, 12.261559725932777)
(8.396999812312425, 12.163279728129508)
(7.427499833982438, 12.03814973092638)
(9.175499794911593, 11.931594733308067)
(9.232499793637544, 11.807614736079238)
(9.691499783378095, 11.704899738375095)
(7.953999822214246, 11.578754741194658)
(9.042499797884375, 11.451514744038695)
(6.057499864604324, 11.307479747258126)
(6.445999855920673, 11.193799749799073)
(7.980999821610749, 11.080984752320685)
(7.132499840576202, 10.945674755345099)
(6.8854998460970815, 10.812624758318998)
(7.468499833066017, 10.665909761598334)
(6.558499853406102, 10.517589764913543)
(7.779499826114625, 10.383999767899514)
(7.750499826762825, 10.263874770584517)
(7.643499829154462, 10.15440977303125)
(6.400499856937676, 10.032684775752015)
(6.461999855563045, 9.904084778626451)
(6.4299998562783, 9.822614780447445)
(6.841999847069383, 9.73273978245631)
(6.619999852031469, 9.609019785221665)
(6.561499853339046, 9.508319787472486)
(8.325999813899397, 9.42841978925839)
(7.620499829668551, 9.362224790737965)
(7.927999822795391, 9.279114792595617)
(8.601499807741494, 9.198024794408122)
(9.141499795671553, 9.146544795558789)
(8.679999805986881, 9.091754796783441)
(7.547999831289053, 9.036154798026196)
(9.48499978799373, 8.996174798919819)
(7.919999822974205, 8.942359800122679)
(8.601499807741494, 8.91796480066795)
(8.909499800857157, 8.890589801279827)
(8.446499811206014, 8.86212480191607)
(8.01749982079491, 8.810489803070201)
(6.878999846242368, 8.74851480445545)
(7.286999837122858, 8.709929805317893)
(7.270499837491661, 8.65233980660513)
(7.654499828908593, 8.586519808076321)
(8.400499812234193, 8.529479809351265)
(8.118999818526209, 8.479219810474664)
(8.175499817263335, 8.431929811531678)
(8.39299981240183, 8.408614812052809)
(8.065499819722026, 8.378579812724144)
(7.768999826349318, 8.32908981383033)
(8.10599981881678, 8.276819814998657)
(7.1309998406097295, 8.22000481626857)
(7.250499837938696, 8.152889817768708)
(8.015999820828437, 8.115009818615393)
(7.4349998338148, 8.071504819587805)
(8.18449981706217, 8.042964820225723)
(7.337999835982918, 8.008079821005463)
(8.340499813575297, 7.988159821450711)
(8.234499815944583, 7.962979822013526)
(7.27399983741343, 7.93678982259892)
(7.419999834150076, 7.917149823037907)
(6.4904998549260196, 7.893934823556804)
(9.19449979448691, 7.902929823355748)
(9.547999786585569, 7.910659823182971)
(9.932499777991325, 7.918629823004827)
(8.555999808758497, 7.922359822921456)
(9.12899979595095, 7.940599822513759)
(7.6809998283162715, 7.943364822451957)
(8.259499815385789, 7.9407598225101825)
(9.036499798018486, 7.943754822443238)
(8.52249980950728, 7.952204822254368)
(10.223999771475793, 7.98201482158806)
(8.677999806031584, 8.002004821141249)
(7.049499842431397, 7.985424821511843)
(8.602499807719141, 7.980864821613766)
(8.376499812770636, 7.969834821860306)
(7.768499826360494, 7.934164822657592)
(8.045499820169061, 7.913799823112786)
(6.849499846901745, 7.888104823687114)
(7.912999823130667, 7.887524823700079)
(6.605499852355569, 7.865984824181535)
(5.802999870292842, 7.8246148251062255)
(6.762499848846346, 7.806369825514034)
(6.382999857328832, 7.779449826115743)
(7.368499835301191, 7.763534826471471)
(7.742999826930463, 7.77442482622806)
(7.219999838620424, 7.768904826351442)
(8.032499820459634, 7.778249826142566)
(8.130999818257987, 7.7894698258917785)
(8.721499805059285, 7.8022598256058995)
(7.966499821934849, 7.811364825402386)
(7.553999831154942, 7.827119825050233)
(7.639499829243869, 7.833459824908523)
(6.964999844320118, 7.82943482499849)
(6.943499844800681, 7.824709825104102)
(7.424499834049493, 7.834174824892544)
(8.302999814413488, 7.843879824675619)
(7.557999831065535, 7.8467548246113585)
(7.735999827086926, 7.855054824425839)
(8.152499817777425, 7.870809824073688)
(8.708999805338681, 7.87213982404396)
(7.34299983587116, 7.855894824407063)
(7.581499830540269, 7.851734824500046)
(8.618499807361513, 7.85030482453201)
(9.046499797794969, 7.856799824386834)
(9.244499793369323, 7.874969823980703)
(8.751999804377556, 7.870734824075363)
(7.346499835792929, 7.851874824496915)
(8.113499818649142, 7.836094824849627)
(7.683499828260392, 7.83338982491009)
(7.332999836094677, 7.816294825292192)
(8.324499813932926, 7.838964824785479)
(8.726499804947526, 7.861769824275747)
(8.139499818067998, 7.863354824240319)
(7.933499822672457, 7.871364824061281)
(7.223499838542193, 7.874744823985733)
(8.012499820906669, 7.880184823864141)
(7.255499837826937, 7.887154823708349)
(8.760499804187566, 7.896964823489078)
(7.638999829255044, 7.895849823513999)
(6.004499865788967, 7.879459823880344)
(7.938499822560698, 7.894839823536575)
(6.907999845594167, 7.899299823436886)
(6.299499859195203, 7.897994823466056)
(7.378499835077673, 7.903359823346139)
(7.743499826919288, 7.914594823095017)
(7.634499829355628, 7.925324822855182)
(6.618499852064997, 7.908249823236839)
(6.631999851763249, 7.8983648234577855)
(7.241499838139862, 7.8914998236112295)
(5.9054998680017885, 7.864539824213832)
(7.036999842710793, 7.843494824684225)
(6.799499848019332, 7.824689825104549)
(7.006999843381346, 7.819279825225473)
(6.36449985774234, 7.788074825922958)
(7.108499841112644, 7.779959826104343)
(6.793999848142266, 7.761884826508351)
(6.482999855093658, 7.737619827050716)
(6.544499853719026, 7.718599827475845)
(6.726499849651009, 7.705689827764406)
(6.555999853461981, 7.702459827836603)
(7.56699983086437, 7.705259827774018)
(6.223999860882759, 7.694794828007929)
(7.660499828774482, 7.694854828006589)
(6.332499858457595, 7.674174828468822)
(6.357499857898802, 7.656559828862548)
(6.465999855473638, 7.639464829244652)
(7.697999827936291, 7.632514829399996)
(7.1604998399503526, 7.6234648296022804)
(6.363499857764691, 7.609409829916434)
(7.739499827008695, 7.605744829998352)
(7.896999823488295, 7.613404829827138)
(8.914999800734222, 7.630049829455093)
(7.670499828550964, 7.626594829532317)
(8.348999813385308, 7.635734829328023)
(8.498499810043722, 7.638874829257839)
(7.67599982842803, 7.642254829182291)
(7.878999823890626, 7.637639829285442)
(8.37349981283769, 7.639029829254375)
(8.24999981559813, 7.648789829036222)
(7.0479998424649235, 7.645069829119372)
(9.332999791391194, 7.673494828484022)
(8.494999810121953, 7.666499828640374)
(8.911499800812454, 7.660134828782641)
(8.215499816369265, 7.64296482916642)
(8.815999802947044, 7.645564829108306)
(9.060499797482043, 7.644879829123617)
(8.680499805975705, 7.654874828900212)
(8.08399981930852, 7.653119828939439)
(7.585999830439687, 7.638614829263649)
(8.31399981416762, 7.636529829310254)
(9.30349979205057, 7.627324829516001)
(8.62299980726093, 7.626774829528296)
(7.901499823387712, 7.635294829337857)
(9.396499789971859, 7.643234829160384)
(8.553999808803201, 7.64500982912071)
(9.362499790731817, 7.660949828764423)
(8.362999813072383, 7.664124828693456)
(9.116499796230347, 7.686794828186743)
(8.223999816179276, 7.689904828117228)
(9.65599978417158, 7.720409827435389)
(8.688999805785716, 7.749269826790316)
(10.014999776147306, 7.781794826063326)
(9.044499797839672, 7.808409825468435)
(9.06249979743734, 7.825349825089797)
(10.67649976136163, 7.854684824434108)
(11.113999751582742, 7.893624823563731)
(8.926499800477178, 7.902564823363906)
(9.88699977900833, 7.92012482297141)
(8.873499801661819, 7.921644822937436)
(9.352999790944159, 7.9355098226275285)
(9.469999788329005, 7.9546698221992695)
(11.094999752007425, 7.989224821426907)
(9.103499796520918, 8.010609820948915)
(10.674499761406333, 8.04791982011497)
(10.214499771688134, 8.075819819491356)
(11.423999744653702, 8.107029818793757)
(10.761999759450555, 8.139069818077608)
(10.514999764971435, 8.166859817456452)
(9.633499784674495, 8.181669817125425)
(10.178999772481621, 8.196369816796853)
(9.910499778483063, 8.222044816222972)
(10.105999774113297, 8.247289815658704)
(10.1764997725375, 8.262869815310463)
(9.861499779578299, 8.271019815128296)
(10.321499769296498, 8.281789814887567)
(11.043499753158539, 8.304704814375377)
(12.930999710969626, 8.360549813127145)
(10.055999775230884, 8.379974812692963)
(10.584999763406813, 8.408989812044428)
(8.979499799292535, 8.425454811676406)
(9.761999781802297, 8.4398298113551)
(10.612999762780964, 8.458694810933434)
(10.22499977145344, 8.479549810467288)
(9.779999781399965, 8.498014810054563)
(9.330499791447073, 8.519084809583612)
(10.571999763697386, 8.54467980901152)
(11.884999734349549, 8.590974807976744)
(9.373999790474773, 8.597109807839617)
(10.570999763719737, 8.626429807184264)
(9.677999783679843, 8.663164806363174)
(9.085999796912073, 8.674639806106688)
(10.31699976939708, 8.708729805344717)
(10.821499758120627, 8.75394980433397)
(9.196499794442207, 8.772129803927614)
(9.525499787088483, 8.789949803529307)
(10.087499774526805, 8.814479802981019)
(9.054999797604978, 8.83884480243642)
(10.256999770738185, 8.875094801626169)
(8.906999800913036, 8.8917498012539)
(8.494999810121953, 8.9176448006751)
(8.534999809227884, 8.932624800340273)
(8.526499809417874, 8.949894799954258)
(8.320999814011156, 8.963034799660557)
(10.005499776359647, 8.99944479884673)
(9.585499785747379, 9.024214798293078)
(9.023499798309057, 9.046509797794746)
(8.79249980347231, 9.069604797278533)
(9.097999796643853, 9.09513979670778)
(7.837499824818224, 9.106249796459453)
(6.558999853394925, 9.10627979645878)
(8.253999815508724, 9.113149796305223)
(9.065499797370284, 9.1415647956701)
(9.517999787256121, 9.160139795254915)
(7.039499842654914, 9.167209795096888)
(6.6824998506344855, 9.170459795024245)
(7.084999841637909, 9.176649794885888)
(6.177999861910939, 9.161449795225636)
(5.014999887906015, 9.139994795705192)
(6.24099986050278, 9.138769795732573)
(6.1324998629279435, 9.122699796091766)
(7.555999831110239, 9.119289796167985)
(5.760499871242791, 9.087744796873071)
(6.572499853093177, 9.076764797118493)
(6.635499851685017, 9.059629797501492)
(7.037499842699617, 9.045019797828049)
(7.039999842643738, 9.038659797970205)
(7.426499834004789, 9.034134798071346)
(7.758999826572835, 9.027989798208699)
(5.49149987725541, 9.00040479882527)
(6.767499848734587, 8.997599798887967)
(5.066999886743725, 8.954939799841492)
(5.087999886274337, 8.920869800603016)
(3.8829999132081867, 8.870584801726974)
(5.682999872975051, 8.845259802293032)
(7.467499833088368, 8.831774802594447)
(5.075499886553734, 8.791924803485164)
(5.263999882340431, 8.75775980424881)
(6.438499856088311, 8.741304804616608)
(5.435999878495932, 8.719804805097171)
(5.208499883580953, 8.688749805791304)
(5.2649998823180795, 8.64836480669398)
(6.062999864481389, 8.622764807266185)
(6.344999858178198, 8.607199807614089)
(8.317499814089388, 8.596409807855263)
(6.994999843649566, 8.580819808203726)
(5.952499866951257, 8.546719808965921)
(6.15749986236915, 8.524664809458889)
(6.3114998589269815, 8.496614810085855)
(6.029499865230173, 8.474669810576364)
(7.992499821353704, 8.458034810948185)
(6.744499849248678, 8.438589811382814)
(6.838499847147614, 8.406824812092818)
(6.282499859575182, 8.379204812710174)
(6.900499845761805, 8.35758481319342)
(5.85349986916408, 8.309354814271442)
(6.6604998511262234, 8.264819815266879)
(7.315999836474657, 8.248714815626853)
(5.586999875120819, 8.205714816587978)
(5.757499871309847, 8.174554817284456)
(6.00849986569956, 8.141109818032012)
(5.978999866358936, 8.106199818812309)
(4.706999894790352, 8.04231982024014)
(5.026999887637794, 8.001554821151307)
(6.9574998444877565, 7.964384821982122)
(6.227499860804528, 7.924514822873286)
(6.655499851237982, 7.87682982393913)
(6.083499864023179, 7.8300448249848555)
(6.664999851025641, 7.791544825845399)
(7.013999843224883, 7.765349826430903)
(5.588499875087291, 7.719444827456959)
(6.377499857451767, 7.684114828246646)
(6.513999854400754, 7.64819482904952)
(6.7249998496845365, 7.613679829820991)
(6.120499863196164, 7.576269830657169)
(6.180999861843884, 7.534864831582643)
(6.871499846410006, 7.493144832515157)
(7.193499839212746, 7.43576983379759)
(7.241499838139862, 7.407624834426679)
(7.0129998432472345, 7.3719048352250836)
(6.051499864738434, 7.342624835879542)
(7.476499832887202, 7.319769836390391)
(7.504499832261354, 7.288684837085194)
(6.146499862615019, 7.247899837996809)
(6.5864998527802525, 7.215964838710612)
(7.803499825578183, 7.200694839051924)
(7.431499833893031, 7.169289839753881)
(7.282999837212264, 7.123269840782508)
(6.020499865431338, 7.089734841532074)
(6.7249998496845365, 7.051274842391722)
(6.394999857060611, 7.018444843125531)
(6.715999849885702, 6.994744843655266)
(7.909999823197722, 6.970674844193272)
(7.17099983971566, 6.934169845009223)
(6.1784998618997635, 6.9039898456838)
(7.231999838352204, 6.881054846196435)
(5.922499867621809, 6.839404847127386)
(7.142499840352684, 6.820279847554863)
(6.935999844968319, 6.787069848297164)
(5.885999868437648, 6.75685984897241)
(4.855999891459942, 6.720469849785791)
(6.542499853763729, 6.700544850231149)
(7.278999837301671, 6.688069850509987)
(6.280499859619885, 6.667664850966074)
(6.695999850332737, 6.6345698517058045)
(7.0664998420514165, 6.609379852268845)
(8.248499815631657, 6.6016298524420725)
(8.948999799974263, 6.60319485240709)
(8.318499814067035, 6.595399852581322)
(6.849499846901745, 6.5855198528021575)
(7.724999827332795, 6.597179852541537)
(8.14349981797859, 6.596074852566236)
(7.993999821320176, 6.585359852805733)
(8.347499813418835, 6.573654853067361)
(8.97399979941547, 6.592999852634966)
(7.408999834395945, 6.60026485247258)
(6.8374998471699655, 6.597789852527901)
(6.688999850489199, 6.602899852413683)
(8.428499811608344, 6.637034851650707)
(5.709499872382731, 6.631719851769507)
(6.69399985037744, 6.637334851644002)
(5.986499866191298, 6.621639851994812)
(7.028499842900783, 6.634319851711391)
(5.524999876506627, 6.623844851945527)
(8.345499813463539, 6.640944851563312)
(7.1844998394139115, 6.6424148515304555)
(5.584999875165522, 6.627864851855673)
(5.653999873623252, 6.610139852251857)
(6.780999848432839, 6.600359852470457)
(6.378499857429415, 6.609229852272198)
(6.672999850846827, 6.608284852293321)
(6.8504998468793925, 6.626119851894678)
(5.197999883815646, 6.627219851870091)
(5.885999868437648, 6.6472498514223854)
(6.536999853886664, 6.655789851231501)
(5.754999871365726, 6.638664851614274)
(6.344499858189375, 6.6513548513306295)
(6.416999856568873, 6.662884851072914)
(7.756499826628715, 6.676064850778318)
(6.447499855887145, 6.6861798505522305)
(4.940999889560044, 6.683504850612021)
(5.80149987032637, 6.688869850492105)
(8.08299981933087, 6.709069850040599)
(7.348999835737049, 6.7191098498161885)
(7.946499822381884, 6.715399849899112)
(6.774999848566949, 6.713199849948287)
(7.7269998272880915, 6.730944849551655)
(7.549499831255526, 6.7448648492405185)
(8.12999981828034, 6.7630498488340525)
(6.750999849103391, 6.7702648486727846)
(8.991999799013138, 6.780259848449379)
(8.02599982060492, 6.793074848162942)
(8.497999810054898, 6.809669847792016)
(7.7049998277798295, 6.823894847474062)
(6.930999845080078, 6.824199847467245)
(8.485999810323118, 6.850524846878836)
(9.026999798230827, 6.874189846349881)
(9.014499798510224, 6.8911748459702356)
(7.929999822750688, 6.914604845446535)
(6.726999849639833, 6.924299845229833)
(7.90849982323125, 6.943299844805151)
(6.174999861977994, 6.945259844761344)
(7.109499841090292, 6.969284844224342)
(7.067499842029065, 6.989689843768255)
(6.438499856088311, 6.984499843884261)
(6.018499865476042, 6.982409843930976)
(7.266999837569893, 6.988524843794295)
(6.32699985858053, 6.990959843739869)
(7.984499821532518, 7.004154843444936)
(8.009499820973724, 7.014109843222424)
(7.4004998345859345, 7.0322298428174115)
(7.396499834675342, 7.042419842589647)
(6.485999855026603, 7.042139842595905)
(7.028499842900783, 7.045174842528069)
(7.381499835010618, 7.057784842246212)
(7.850999824516475, 7.0744848418729385)
(6.463999855518341, 7.070409841964022)
(6.600999852456153, 7.064484842096456)
(5.220499883312732, 7.044274842548186)
(6.20349986134097, 7.036179842729123)
(6.702999850176274, 7.042694842583502)
(7.821999825164676, 7.046149842506276)
(5.33899988066405, 7.024494842990302)
(5.0064998880960045, 7.013094843245111)
(7.633999829366803, 7.023569843010977)
(6.702999850176274, 7.012564843256957)
(7.393999834731221, 7.01218984326534)
(5.8499998692423105, 6.99785984358564)
(6.702499850187451, 7.004679843433202)
(6.337499858345836, 7.000804843519814)
(5.200999883748591, 6.988864843786695)
(5.433999878540635, 6.976044844073244)
(6.8724998463876545, 6.965669844305142)
(5.717499872203916, 6.951134844630026)
(5.314499881211669, 6.942494844823144)
(6.096499863732606, 6.931139845076947)
(5.3849998796358705, 6.925764845197088)
(6.8029998479411, 6.922369845272971)
(5.873499868717045, 6.91174484551046)
(6.81499984767288, 6.921034845302812)
(6.609999852254987, 6.9385748449107645)
(6.801499847974628, 6.941164844852872)
(5.3184998811222615, 6.921559845291078)
(6.3759998574852945, 6.922514845269732)
(5.802499870304018, 6.913579845469445)
(6.880999846197665, 6.911724845510909)
(6.34399985820055, 6.892679845936597)
(5.7724998709745705, 6.860914846646599)
(5.91899986770004, 6.836919847182929)
(7.233499838318676, 6.8407598470970985)
(4.2129999058321115, 6.805639847882093)
(5.504999876953661, 6.779254848471843)
(4.799499892722816, 6.74730984918587)
(5.664999873377383, 6.720484849785455)
(5.811499870102852, 6.688859850492328)
(5.183499884139747, 6.666604850989765)
(4.752999893762171, 6.645759851455688)
(6.145999862626195, 6.640329851577059)
(6.803499847929925, 6.624079851940277)
(8.024999820627272, 6.647234851422721)
(8.114499818626792, 6.6614398511052135)
(7.215999838709831, 6.6737348508304)
(6.990499843750149, 6.673354850838893)
(7.0904998415149745, 6.6890098504889774)
(7.38899983484298, 6.679444850702771)
(7.404499834496528, 6.681644850653596)
(8.581499808188529, 6.711609849983826)
(8.718499805126338, 6.742254849298857)
(7.7769998261705044, 6.752214849076234)
(8.572999808378517, 6.774159848585725)
(7.186499839369207, 6.779294848470949)
(8.262499815318733, 6.793414848155342)
(7.5369998315349225, 6.816804847632534)
(4.782499893102795, 6.805769847879186)
(10.371999768167735, 6.844119847021996)
(8.19899981673807, 6.868559846475718)
(8.74399980455637, 6.892554845939388)
(7.846499824617058, 6.906849845619871)
(7.280999837256968, 6.902094845726153)
(6.686999850533903, 6.904489845672621)
(4.753499893750996, 6.902614845714533)
(6.788499848265201, 6.91248484549392)
(7.458499833289534, 6.9062398456335075)
(8.16149981757626, 6.9143648454518996)
(9.598499785456806, 6.93088484508265)
(7.8599998243153095, 6.941734844840132)
(6.005999865755439, 6.9245248452248065)
(7.231499838363379, 6.921344845295884)
(7.175999839603901, 6.9118048455091206)
(7.953999822214246, 6.923834845240228)
(7.875999823957682, 6.912674845489673)
(8.086999819241464, 6.91328484547604)
(6.74599984921515, 6.895764845867642)
(6.888999846018851, 6.887604846050031)
(6.0899998638778925, 6.8791948462380095)
(7.214999838732183, 6.866484846522101)
(7.699999827891588, 6.853214846818709)
(6.808499847818166, 6.8311548473117885)
(9.578999785892666, 6.847644846943208)
(6.82949984734878, 6.848669846920297)
(6.540999853797257, 6.834994847225958)
(5.132999885268509, 6.8245748474588614)
(7.665999828651548, 6.830139847334476)
(6.172999862022698, 6.821194847534412)
(6.535999853909016, 6.822169847512619)
(7.465499833133071, 6.83663984718919)
(9.253499793168157, 6.856504846745172)
(7.3174998364411294, 6.866409846523778)
(6.6084998522885146, 6.852649846831338)
(9.267499792855233, 6.865229846550153)
(7.910499823186546, 6.870329846436158)
(11.080999752320349, 6.907174845612609)
(6.8609998466447, 6.91092484552879)
(8.5684998084791, 6.926324845184573)
(7.895499823521822, 6.9314648450696845)
(6.293499859329313, 6.915889845417813)
(5.752499871421605, 6.908774845576846)
(8.021999820694328, 6.9229848452592275)
(6.891499845962971, 6.939694844885729)
(8.660999806411564, 6.964269844336435)
(10.547999764233827, 7.002719843477012)
(7.440499833691865, 6.998904843562284)
(7.903499823343009, 7.0245498429890745)
(7.642499829176813, 7.05090984239988)
(7.749499826785177, 7.052064842374064)
(6.557499853428453, 7.050609842406586)
(6.858499846700579, 7.04525484252628)
(7.963999821990728, 7.0663948420537634)
(7.5924998302944005, 7.0752948418548325)
(8.613499807473271, 7.098054841346109)
(6.410499856714159, 7.110149841075764)
(8.114999818615615, 7.136959840476514)
(8.338999813608826, 7.151624840148726)
(7.380999835021794, 7.168259839776905)
(7.985499821510166, 7.1949698391798895)
(10.011999776214362, 7.234124838304706)
(10.224499771464616, 7.282519837222993)
(6.6824998506344855, 7.281314837249928)
(8.209499816503376, 7.3046748367277905)
(8.522999809496104, 7.321754836346023)
(9.04799979776144, 7.346134835801088)
(9.216499793995172, 7.370284835261292)
(10.474999765865505, 7.421849834108725)
(7.502499832306057, 7.4331148338569335)
(6.146499862615019, 7.436554833780042)
(8.613999807462097, 7.453884833392687)
(7.4079998344182965, 7.464524833154863)
(7.820999825187028, 7.4850098326969885)
(9.61849978500977, 7.5220048318700865)
(7.875499823968857, 7.528424831726591)
(7.072499841917306, 7.557019831087441)
(11.307999747246503, 7.61504982979037)
(8.724499804992229, 7.654299828913063)
(7.784499826002866, 7.675494828439318)
(9.622499784920365, 7.713604827587493)
(8.706999805383385, 7.74883982679993)
(9.032999798096716, 7.791639825843274)
(9.922499778214842, 7.829404824999163)
(5.851499869208783, 7.81988482521195)
(8.136999818123877, 7.8210048251869155)
(9.779499781411142, 7.837654824814758)
(9.744999782182276, 7.862944824249483)
(8.930999800376593, 7.882349823815748)
(8.642999806813895, 7.8978748234687375)
(7.79949982566759, 7.901979823376983)
(9.081999797001481, 7.9187548230020335)
(10.922999755851924, 7.942169822478668)
(6.76299984883517, 7.9226148229157545)
(9.028999798186124, 7.935134822635911)
(8.75249980436638, 7.93692982259579)
(9.796499781031162, 7.96302982201241)
(10.389499767776579, 7.984299821536987)
(8.125499818380922, 7.990184821405447)
(9.332999791391194, 8.035689820388331)
(8.31049981424585, 8.015074820849113)
(9.400999789871275, 8.027094820580446)
(7.853499824460596, 8.01818982077949)
(10.199999772012234, 8.04172482025344)
(9.382999790273606, 8.062744819783607)
(11.233999748900533, 8.108214818767271)
(10.886999756656587, 8.169549817396328)
(7.208999838866293, 8.173754817302338)
(8.435499811451882, 8.183524817083962)
(8.220499816257506, 8.184114817070773)
(10.412999767251312, 8.19225981688872)
(10.05799977518618, 8.214239816397429)
(8.248999815620483, 8.236669815896079)
(7.005999843403697, 8.234414815946481)
(9.519499787222594, 8.257849815422668)
(11.415499744843691, 8.292464814648962)
(6.0584998645819725, 8.274289815055205)
(7.205499838944524, 8.265474815252238)
(7.7694998263381425, 8.275709815023468)
(10.79049975881353, 8.314724814151413)
(8.527499809395522, 8.33909981360659)
(7.22799983844161, 8.339229813603685)
(8.064499819744379, 8.342874813522211)
(7.773499826248735, 8.352524813306518)
(9.227499793749303, 8.349009813385084)
(7.943999822437763, 8.360154813135972)
(9.547499786596745, 8.390219812463968)
(11.067999752610922, 8.449569811137392)
(9.403999789804221, 8.466949810748918)
(9.474499788228423, 8.499964810010976)
(11.745499737467616, 8.552059808846563)
(10.140999773330986, 8.578814808248541)
(9.701999783143402, 8.583299808148293)
(10.424999766983092, 8.614374807453714)
(9.945999777689575, 8.647749806707726)
(11.92499973345548, 8.674324806113725)
(11.854499735031277, 8.713764805232174)
(11.981499732192606, 8.722769805030897)
(10.940999755449592, 8.763569804118946)
(13.329999702051282, 8.811184803054667)
(10.24549977099523, 8.834684802529402)
(12.116499729175121, 8.89291480122786)
(12.279499725531787, 8.958184799768963)
(11.383999745547772, 8.991804799017496)
(12.38149972325191, 9.046704797790383)
(11.019999753683805, 9.070294797263106)
(12.043499730806797, 9.085249796928839)
(11.196999749727548, 9.122814796089195)
(13.302499702665955, 9.176804794882424)
(11.890999734215438, 9.219289793932811)
(14.013999686762691, 9.281934792532585)
(12.696999716199935, 9.3433297911603)
(13.471999698877335, 9.409464789682067)
(11.88149973442778, 9.448639788806439)
(11.827999735623598, 9.49099478785973)
(12.050499730650335, 9.525364787091501)
(14.870499667618423, 9.609964785200544)
(11.871499734651298, 9.647529784360902)
(14.50799967572093, 9.709219782982023)
(11.334499746654183, 9.748754782098345)
(13.040999708510935, 9.799309780968354)
(10.489499765541405, 9.804084780861624)
(11.633999739959837, 9.818179780546576)
(10.205999771878123, 9.853414779759014)
(11.973999732360245, 9.89105977891758)
(12.298499725107103, 9.92881477807369)
(14.215999682247638, 9.980494776918555)
(12.174999727867544, 10.010079776257278)
(11.434499744419009, 10.019674776042812)
(13.815499691199511, 10.082804774631747)
(12.358999723754824, 10.144929773243144)
(12.934499710891396, 10.188134772277436)
(11.291999747604132, 10.226974771409296)
(12.410999722592532, 10.27287477038335)
(12.863499712478369, 10.305324769658036)
(12.62499971780926, 10.352819768596442)
(11.667999739199876, 10.398774767569266)
(11.533499742206185, 10.401029767518864)
(12.00749973161146, 10.433859766785055)
(13.596499696094543, 10.491979765485974)
(10.524499764759094, 10.500999765284362)
(12.231499726604671, 10.536244764496573)
(13.495499698352068, 10.580869763499127)
(10.971499754767866, 10.591359763264656)
(11.822999735735356, 10.65107476192992)
(12.123499729018658, 10.69093976103887)
(14.251999681442976, 10.73566476003919)
(12.163999728113414, 10.7598547594985)
(13.25349970376119, 10.803079758532347)
(11.098499751929193, 10.827634757983498)
(12.31749972468242, 10.872814756973646)
(15.142999661527574, 10.933424755618908)
(12.165999728068709, 10.945854755341077)
(14.659499672334642, 11.024819753576072)
(10.243499771039932, 11.03696475330461)
(9.851499779801816, 11.047954753058963)
(9.517499787267298, 11.045164753121325)
(12.423499722313135, 11.06550475266669)
(10.837499757762998, 11.09262475206051)
(12.38049972327426, 11.12309975137934)
(10.416999767161906, 11.144164750908502)
(11.149499750789255, 11.161649750517684)
(9.306499791983516, 11.176179750192912)
(10.055999775230884, 11.174739750225099)
(11.06299975272268, 11.191539749849587)
(10.592999763227999, 11.18512974999286)
(12.4724997212179, 11.200984749638474)
(10.800499758590012, 11.236899748835711)
(12.64799971729517, 11.279024747894141)
(12.910499711427837, 11.325924746845846)
