(0.0394999991171062, 0.0394999991171062)
(0.739499983470887, 0.3894999912939966)
(0.7694999828003347, 0.5161666551294427)
(0.6729999849572778, 0.5553749875864015)
(1.1799999736249447, 0.6802999847941101)
(1.0004999776370824, 0.7336666502679389)
(0.9444999788887799, 0.7637856972137733)
(0.754999983124435, 0.7626874829526059)
(1.0319999769330024, 0.7926110933948721)
(1.1919999733567237, 0.8325499813910573)
(1.4749999670311809, 0.8909545255401595)
(1.5934999643824994, 0.9494999787770211)
(1.2534999719820916, 0.9728845936389495)
(1.2809999713674187, 0.9948928349052687)
(1.2184999727644026, 1.009799977429211)
(1.3234999704174697, 1.0294062269909774)
(1.4474999676458538, 1.0539999764412642)
(1.3684999694116413, 1.0714721982729518)
(1.8274999591521919, 1.1112631330560696)
(1.4764999669976533, 1.1295249747531488)
(2.0389999544247983, 1.1728333071184656)
(1.7054999618791045, 1.1970454277894038)
(2.196999950893223, 1.2405217114026132)
(2.3374999477528036, 1.2862291379172046)
(2.055999954044819, 1.3170199705623091)
(1.9649999560788274, 1.3419422776975598)
(1.7984999598003923, 1.3588518214791463)
(2.2934999487362804, 1.3922321117383298)
(2.0534999541006984, 1.4150344511301356)
(2.1434999520890416, 1.4393166344954327)
(2.351999947428703, 1.4687580316868283)
(2.338499947730452, 1.4959374665631913)
(2.7154999393038453, 1.53289390513109)
(2.760999938286841, 1.5690146708121415)
(2.730499938968569, 1.6021999641880396)
(3.205999928340316, 1.6467499631922695)
(3.5039999216794966, 1.6969459080162486)
(3.3054999261163176, 1.7392762769136185)
(3.3824999243952334, 1.7814102165926344)
(3.2899999264627695, 1.8191249593393877)
(3.24649992743507, 1.8539389829514774)
(3.8229999145492912, 1.9008213860847587)
(4.116999907977879, 1.952360421477622)
(3.536499920953065, 1.9883635919202456)
(3.7259999167174103, 2.026977732471294)
(4.077999908849597, 2.0715651710882135)
(4.523499898891896, 2.1237339950840366)
(4.206999905966223, 2.1671353682274153)
(4.679999895393848, 2.218418317761424)
(4.766499893460423, 2.2693799492754043)
(5.2114998835138975, 2.327068575436943)
(4.928499889839441, 2.3770961007139144)
(5.3109998812898995, 2.4324527758191214)
(4.9344998897053305, 2.4787869816318295)
(5.532999876327812, 2.5343181251717564)
(4.444499900657684, 2.568428514019719)
(4.921999889984727, 2.6097192399138422)
(5.291499881725758, 2.6559568371864617)
(5.11249988572672, 2.6975931600430765)
(5.462999877892434, 2.743683272007232)
(6.348999858088791, 2.8027868225987334)
(5.837499869521707, 2.8517338072265233)
(5.7909998705610635, 2.898388824104849)
(5.217499883379787, 2.9346249344060196)
(5.593999874964356, 2.9755383950299943)
(6.152499862480909, 3.0236741748398566)
(5.69249987276271, 3.0635073942118396)
(5.503499876987189, 3.0993896366055944)
(6.369499857630581, 3.1467825383595796)
(6.39599985703826, 3.193199928626418)
(6.867999846488237, 3.244957673948415)
(7.909499823208899, 3.3097429815770334)
(8.695999805629253, 3.383527321632543)
(7.716499827522784, 3.4420810041445735)
(6.402999856881797, 3.4815599221810705)
(7.986999821476639, 3.5408420261191695)
(7.875499823968857, 3.597136283234101)
(6.677499850746244, 3.6366281238432308)
(7.546999831311405, 3.6861264998871315)
(7.356999835558236, 3.73201241658302)
(8.062999819777906, 3.785481396869377)
(7.790499825868755, 3.8343230850279064)
(8.09499981906265, 3.885656539654831)
(8.538499809149652, 3.9410475309583406)
(10.012499776203185, 4.012476380902397)
(8.678499806020408, 4.066732467240979)
(9.956999777443707, 4.134436689197332)
(10.116499773878605, 4.202414678795983)
(10.012499776203185, 4.26769653382303)
(9.778499781433492, 4.328927681018702)
(9.326999791525305, 4.383851550364928)
(10.902499756310135, 4.45470642216868)
(10.744999759830534, 4.522343984939238)
(11.39349974533543, 4.59544138664558)
(10.66099976170808, 4.659289369540975)
(10.291999769955874, 4.717963436211964)
(11.862499734852463, 4.79161844960001)
(11.009499753918499, 4.855066218011423)
(11.289999747648835, 4.920065546593619)
(11.917999733611941, 4.990044888463802)
(11.241499748732895, 5.102064885959961)
(12.541999719664455, 5.220089883321897)
(13.693499693926423, 5.349329880433158)
(11.901499733980746, 5.461614877923392)
(11.756999737210572, 5.567384875559247)
(13.516999697871507, 5.692549872761592)
(13.478999698720873, 5.817894869959912)
(14.261999681219459, 5.952964866940862)
(13.055999708175658, 6.073204864253289)
(13.439499699603767, 6.195679861515759)
(13.946499688271434, 6.320394858728162)
(11.934499733243138, 6.423804856416768)
(15.82799964621663, 6.569549853159113)
(14.285499680694192, 6.6995948502523825)
(15.480999653972685, 6.842219847064465)
(15.417499655392021, 6.983159843914211)
(14.986999665014446, 7.118554840887897)
(13.294999702833593, 7.237819838222116)
(14.770499669853598, 7.3672498353291305)
(16.159999638795853, 7.5140848320471125)
(14.850499668065458, 7.642199829183519)
(13.550999697111546, 7.760654826535845)
(16.103499640058725, 7.899719823427501)
(17.406499610934407, 8.050409820059317)
(18.549499585386364, 8.21534481637273)
(18.328999590314925, 8.37898481271509)
(18.027499597053975, 8.541274809087625)
(16.777999624982478, 8.686119805850087)
(17.87449960047379, 8.844329802313819)
(18.719499581586568, 9.010089798608794)
(18.60049958424643, 9.172574794976972)
(20.73949953643605, 9.356584790864027)
(17.8974995999597, 9.508404787470585)
(20.3964995441027, 9.684759783528744)
(21.5859995175153, 9.873314779314212)
(19.219999570399523, 10.033454775734803)
(20.928999532200397, 10.207704771840012)
(21.829999512061477, 10.392949767699465)
(23.50999947451055, 10.594224763200618)
(21.672499515581876, 10.77804975909181)
(21.07599952891469, 10.956344755106604)
(22.488499497342854, 11.14299975093454)
(24.33599945604801, 11.345189746415244)
(23.316499478835613, 11.54298974199407)
(21.365499522443862, 11.71938473805133)
(24.799999445676804, 11.926604733419603)
(23.68899947050959, 12.11825972913578)
(24.213999458774925, 12.318329724663867)
(25.609499427583067, 12.527624719985761)
(24.49299945253879, 12.724889715576545)
(26.100499416608365, 12.933779710907489)
(25.48749943030998, 13.139369706312193)
(26.911999398469924, 13.355379701483994)
(27.30499938968569, 13.579084696483799)
(29.33049934441224, 13.817059691164642)
(27.560499383974822, 14.048219685997813)
(27.695499380957337, 14.275954680907537)
(28.700999358482658, 14.510049675675107)
(27.680999381281435, 14.735734670630654)
(29.730999335460364, 14.978414665206335)
(29.479499341081826, 15.209719660036269)
(29.79099933411926, 15.449254654682242)
(27.955499375145884, 15.67089964972809)
(28.625499360170217, 15.904979644495993)
(27.16449939282611, 16.12068463967461)
(26.63199940472841, 16.325479635097086)
(24.443999453634024, 16.512994630905798)
(27.66549938162789, 16.734614625952204)
(25.553499428834765, 16.92645462166425)
(25.83849942246452, 17.120879617318508)
(28.274499368015675, 17.334944612533786)
(29.387999343127014, 17.549729607732967)
(29.66499933693558, 17.759419603046027)
(29.188499347586184, 17.974139598246662)
(30.65099931489676, 18.216619592826813)
(29.706999335996805, 18.433819587972017)
(30.510499318037184, 18.6601695829127)
(27.486999385617672, 18.868264578261414)
(31.12649930426851, 19.104059572990984)
(29.268499345798045, 19.323174568093382)
(31.202999302558602, 19.55457456292119)
(31.11099930461496, 19.78777955770865)
(29.267999345809223, 19.999509552976114)
(32.27449927860871, 20.236869547670707)
(32.281499278452245, 20.459559542693196)
(32.761999267712234, 20.700394537310114)
(31.15449930364266, 20.912369532572107)
(31.744999290443957, 21.12865452773776)
(31.763999290019274, 21.346169522875922)
(32.936499263811854, 21.577749517699708)
(31.00449930699542, 21.79452451285441)
(32.875499265175314, 22.01425450794306)
(32.63549927053973, 22.23315950305015)
(32.468499274272475, 22.44390949833952)
(33.61199924871325, 22.67341949320957)
(32.00399928465485, 22.890539488356563)
(34.06799923852086, 23.112594483393245)
(30.865499310102315, 23.311154478955082)
(31.428499297518282, 23.512539474453774)
(31.325499299820514, 23.70661447011586)
(29.916499331314117, 23.893364465941673)
(30.985499307420106, 24.077799461819232)
(31.31549930004403, 24.254019457880407)
(29.714999335817993, 24.43215445389878)
(31.809499289002268, 24.632679449416695)
(30.374499321077018, 24.801254445648752)
(30.354499321524052, 24.970009441876787)
(31.842499288264662, 25.145814437947237)
(31.226499302033336, 25.32751943388582)
(30.762499312404543, 25.500749430013826)
(29.40799934267998, 25.655364426557902)
(30.938499308470636, 25.84540442231018)
(30.7449993127957, 25.99457441897597)
(29.834499333146958, 26.150064415500495)
(29.242999346368016, 26.28768441242445)
(26.293499412294477, 26.396444409993475)
(28.006999373994766, 26.526644407083282)
(27.619499382656066, 26.669889403881502)
(26.496499407757074, 26.78714940126054)
(27.643499382119625, 26.901984398693777)
(29.94349933071062, 27.052914395320226)
(26.58449940579012, 27.18324939240701)
(27.028499395865946, 27.292499389965084)
(26.43199940919876, 27.382754387947724)
(27.197499392088503, 27.46923438601475)
(26.926999398134647, 27.555214384092945)
(26.120999416150152, 27.63614938228391)
(26.41749940952286, 27.732544380129312)
(25.58049942823127, 27.809604378406885)
(24.84049944477156, 27.870814377038734)
(24.201999459043144, 27.926829375786706)
(26.771999401599167, 27.987154374438337)
(24.314499456528573, 28.051324373004025)
(25.4319994315505, 28.101679371878507)
(24.286499457154424, 28.1286843712749)
(22.883499488513916, 28.16531937045604)
(25.613999427482486, 28.212169369408862)
(23.428499476332217, 28.228154369051563)
(23.113499483373015, 28.224189369140184)
(24.73199944719672, 28.254784368456335)
(21.849499511625616, 28.262519368283446)
(22.229499503131954, 28.25992936834134)
(23.924999465234578, 28.255819368433208)
(21.5569995181635, 28.238224368826486)
(24.197499459143728, 28.266544368193482)
(24.004499463457613, 28.25858936837129)
(21.738999514095486, 28.239089368807154)
(27.650999381951987, 28.27345936803892)
(22.6344994940795, 28.243709368703886)
(21.8449995117262, 28.21722936929576)
(22.696499492693693, 28.18318937005661)
(24.808499445486813, 28.17639937020838)
(21.72749951435253, 28.124554371367203)
(21.621499516721816, 28.06771937263757)
(25.07299943957478, 28.025144373589193)
(24.777499446179718, 27.997314374211243)
(20.983499530982225, 27.93019437571149)
(21.74049951406196, 27.860589377267278)
(19.41949956594035, 27.77797437911387)
(22.931999487429856, 27.709984380633564)
(21.428999521024526, 27.629479382432997)
(19.45349956518039, 27.526104384743608)
(20.415499543678017, 27.450704386428928)
(22.57749949535355, 27.39022438778076)
(20.479499542247503, 27.323374389274978)
(24.14699946027249, 27.298524389830412)
(19.332499567884952, 27.24740939097293)
(19.681499560084195, 27.167569392757493)
(22.558499495778232, 27.137619393426927)
(22.66849949331954, 27.105919394135473)
(24.864499444235115, 27.07181939489767)
(22.91899948772043, 27.007129396343604)
(22.21399950347841, 26.932619398009034)
(27.564499383885412, 26.91637939837203)
(24.739499447029083, 26.85726439969335)
(25.00049944119528, 26.810199400745336)
(27.551499384175987, 26.78060940140672)
(23.47349947532639, 26.740474402303807)
(25.47999943047762, 26.684009403565895)
(21.978999508731068, 26.61111440519523)
(23.65749947121367, 26.535659406881777)
(23.75299946907908, 26.46207940852642)
(24.835499444883318, 26.417754409517162)
(26.539999406784773, 26.36040941079892)
(25.392499432433397, 26.29151941233873)
(24.52949945172295, 26.209194414178842)
(25.42299943175167, 26.15187941545993)
(22.86599948890507, 26.06308941744454)
(25.01249944092706, 25.99557441895362)
(24.57049945080653, 25.911914420823567)
(24.091999461501835, 25.84278942236863)
(25.19899943675846, 25.766024424084463)
(24.677999448403718, 25.686449425863106)
(26.410499409679325, 25.62586942721717)
(25.744499424565582, 25.547194428975693)
(26.9694993971847, 25.496849430100994)
(25.757999424263836, 25.413749431958422)
(27.26749939052388, 25.377769432762637)
(25.230999436043202, 25.315794434147882)
(25.739999424666166, 25.25993943539634)
(25.268999435193837, 25.213464436435142)
(24.96449944199994, 25.153254437780937)
(22.765499491151424, 25.067754439692017)
(21.736499514151365, 24.987969441475354)
(22.397499499376863, 24.893849443579093)
(20.738999536447228, 24.797494445732795)
(21.562999518029393, 24.709579447697852)
(22.398999499343336, 24.615144449808636)
(20.480999542213976, 24.507689452210442)
(22.41399949900806, 24.424204454076474)
(19.45849956506863, 24.324709456300365)
(23.085499483998866, 24.246179458055643)
(23.494499474857, 24.17367445967626)
(21.843999511748553, 24.093769461462276)
(21.34849952282384, 24.014824463226834)
(21.341499522980303, 23.9653044643337)
(21.621999516710638, 23.901454465760853)
(18.31149959070608, 23.808374467841354)
(21.09399952851236, 23.754349469048908)
(19.647499560844153, 23.674389470836154)
(19.989499553199856, 23.574849473061043)
(20.072499551344663, 23.509729474516586)
(20.310999546013772, 23.442554476018064)
(21.065499529149385, 23.388889477217568)
(18.95549957631156, 23.306469479059796)
(21.397499521728605, 23.251174480295735)
(22.199999503791332, 23.21196448117215)
(21.605999517068266, 23.163849482247603)
(21.605999517068266, 23.12410448313597)
(19.751999558508395, 23.073219484273345)
(20.560999540425836, 23.036809485087165)
(20.910999532602727, 22.9781994863972)
(19.954499553982167, 22.93459948737174)
(20.239999547600746, 22.882679488532244)
(21.875499511044474, 22.858569489071144)
(20.777499535586685, 22.837509489541873)
(22.213499503489583, 22.803504490301943)
(21.922999509982766, 22.788449490638445)
(26.014999418519437, 22.817464489989913)
(21.036499529797585, 22.780509490815927)
(19.374999566935003, 22.755764491369018)
(23.863999466598035, 22.772109491003686)
(21.920999510027467, 22.75206949145161)
(21.943499509524553, 22.75593449136522)
(23.22199948094785, 22.746179491583256)
